%YAML:1.0
---
PID_P: 1.7999999523162842e+00
PID_I: 4.0000000596046448e-01
PID_D: 0.
